3.569990000000000108e-01
4.339509999999999756e-01
4.685860000000000025e-01
4.952619999999999800e-01
5.175560000000000160e-01
5.369720000000000049e-01
5.543150000000000022e-01
5.700749999999999984e-01
5.845810000000000173e-01
5.980590000000000073e-01
6.106789999999999718e-01
6.225680000000000103e-01
6.338249999999999718e-01
6.445300000000000473e-01
6.547460000000000502e-01
6.645280000000000076e-01
6.739190000000000458e-01
6.829560000000000075e-01
6.916719999999999535e-01
7.000960000000000516e-01
7.084059999999999802e-01
7.167639999999999567e-01
7.251720000000000388e-01
7.336289999999999756e-01
7.421349999999999891e-01
7.506899999999999684e-01
7.592929999999999957e-01
7.679460000000000175e-01
7.766480000000000050e-01
7.853989999999999583e-01
7.941989999999999883e-01
8.030479999999999841e-01
8.119459999999999456e-01
8.208929999999999838e-01
8.298889999999999878e-01
8.389339999999999575e-01
8.480280000000000040e-01
8.571710000000000163e-01
8.663629999999999942e-01
8.756049999999999667e-01
8.848949999999999871e-01
8.942339999999999733e-01
9.036220000000000363e-01
9.130599999999999827e-01
9.225459999999999772e-01
9.320810000000000484e-01
9.416649999999999743e-01
9.512990000000000057e-01
9.609809999999999741e-01
9.707130000000000480e-01
9.804929999999999479e-01
9.903229999999999533e-01
1.000200999999999896e+00
1.010129000000000055e+00
1.020105000000000040e+00
1.030130999999999908e+00
1.040205000000000046e+00
1.050329000000000068e+00
1.060500999999999916e+00
1.070723000000000091e+00
1.080994000000000010e+00
1.091313999999999895e+00
1.101682000000000050e+00
1.112100000000000088e+00
1.122567000000000093e+00
1.133083000000000062e+00
1.143647000000000080e+00
1.154260999999999981e+00
1.164924000000000071e+00
1.175635999999999903e+00
1.186396999999999924e+00
1.197206999999999910e+00
1.208066000000000084e+00
1.218974000000000002e+00
1.229931000000000108e+00
1.240936999999999957e+00
1.251991999999999994e+00
1.263095999999999997e+00
1.274248999999999965e+00
1.285452000000000039e+00
1.296702999999999939e+00
1.308003000000000027e+00
1.319352000000000080e+00
1.330751000000000017e+00
1.342198000000000002e+00
1.353693999999999953e+00
1.365239000000000091e+00
1.376833999999999891e+00
1.388476999999999961e+00
1.400169999999999915e+00
1.411910999999999916e+00
1.423701000000000105e+00
1.435540999999999956e+00
1.447429000000000077e+00
1.459367000000000081e+00
1.471354000000000051e+00
1.483389000000000069e+00
1.495473999999999970e+00
1.507606999999999919e+00
1.519789999999999974e+00
1.532021999999999995e+00
1.544302000000000064e+00
1.556632000000000016e+00
1.569010999999999934e+00
1.581439000000000039e+00
1.593916000000000111e+00
1.606441000000000008e+00
1.619016000000000011e+00
1.631639999999999979e+00
1.644312999999999914e+00
1.657035000000000036e+00
1.669805999999999901e+00
1.682625999999999955e+00
1.695494999999999974e+00
1.708412999999999959e+00
1.721379999999999910e+00
1.734396000000000049e+00
1.747460999999999931e+00
1.760575000000000001e+00
1.773738000000000037e+00
1.786950999999999956e+00
1.800211999999999923e+00
1.813522000000000078e+00
1.826880999999999977e+00
1.840289999999999981e+00
1.853747000000000034e+00
1.867253000000000052e+00
1.880808999999999953e+00
1.894412999999999903e+00
1.908066000000000040e+00
1.921769000000000061e+00
1.935519999999999907e+00
1.949321000000000081e+00
1.963170000000000082e+00
1.977068999999999965e+00
1.991015999999999897e+00
2.005012999999999934e+00
2.019058999999999937e+00
2.033152999999999988e+00
2.047296999999999922e+00
